    1      .93926221
    2      .24432574
    3      .07709260
    4      .02594898
    5      .00639611
    6      .00301851
    7     -.00089752
    8     -.00019945
    9      .00032839
   10     -.00132368
   11      .00021696
   12      .00043322
   13     -.00032416
   14      .00054128
   15      .00058375
   16      .00149888
   17      .00164632
   18     -.00049541
   19     -.00024078
   20      .00065261
   21      .00010833
   22     -.00097619
   23     -.00068383
   24     -.00071101
   25      .00251983
